world: 397ddfc8-5525-4248-92f2-8eb25f71e3fa
world-name: world_the_end
x: 69.61421768506908
y: 63.0
z: -1202.5620736808232
yaw: -89.39706420898438
pitch: -5.999987602233887
name: endcity
lastowner: 7c509a41-e8ae-3de8-8bf7-f1047fbb891c
