world: d1a3e1e7-0e7c-4ac8-8547-3fa4ab4c32fd
world-name: world
x: -88.56520048635836
y: 64.0
z: 246.0314717435313
yaw: -89.99987030029297
pitch: 2.0999953746795654
name: home
lastowner: 7c509a41-e8ae-3de8-8bf7-f1047fbb891c
