world: 5915fb52-17d6-477c-9b3a-d8d28f033f77
world-name: world_nether
x: -8.722442516320651
y: 75.0
z: 28.997364469017878
yaw: -88.34978485107422
pitch: -0.30006349086761475
name: nether
lastowner: 7c509a41-e8ae-3de8-8bf7-f1047fbb891c
