world: d1a3e1e7-0e7c-4ac8-8547-3fa4ab4c32fd
world-name: world
x: -111.5
y: 64.0
z: 256.5
yaw: -1.7999267578125
pitch: 2.5499980449676514
name: spawn
lastowner: 7c509a41-e8ae-3de8-8bf7-f1047fbb891c
